-0,0234509; 1,52526; -4,03731
 -0,0234509; 1,52526; -4,03731
 -0,014908; 1,54803; -2,09903
 -0,014908; 1,54803; -2,09903
 -0,014908; 1,54803; -2,09903
 -0,014908; 1,54803; -2,09903
 -0,00765183; 1,5456; 0,106994
 -0,00765183; 1,5456; 0,106994
 -0,00765183; 1,5456; 0,106994
 -0,00807476; 1,5453; 0,0156358
 -0,00807476; 1,5453; 0,0156358
 -0,00807476; 1,5453; 0,0156358
 -0,00807476; 1,5453; 0,0156358
 -0,00807476; 1,5453; 0,0156358
 -0,00807476; 1,5453; 0,0156358
 0,000818581; 1,53541; 4,104
 0,01464; 1,55181; 6,87052
 0,0174156; 1,58476; 1,31523
 0,0347143; 1,63475; 2,52402
 0,0219468; 1,71352; -1,62606
 -0,0141057; 1,73018; -7,22102
 -0,0336495; 1,75172; -8,74985
 -0,0277566; 1,87408; -11,2254
 -0,00358619; 1,85715; -6,06743
 0,0307765; 1,77925; -0,991386
 0,0634817; 1,9135; 4,17351
 0,0499329; 1,89831; -4,47325
 0,0372103; 1,94117; -9,508
 0,022274; 2,00147; -11,1825
 0,0424027; 2,14318; 1,57095
 0,0424027; 2,14318; 1,57095
 0,0424027; 2,14318; 1,57095
 0,0424027; 2,14318; 1,57095
 0,0424027; 2,14318; 1,57095
 0,0424027; 2,14318; 1,57095
 0,0377209; 2,2844; 0,0358397
 0,0377209; 2,2844; 0,0358397
 0,0382425; 2,30139; -1,2332
 0,038615; 2,31384; -1,62167
 0,038615; 2,31384; -1,62167
 0,038615; 2,31384; -1,62167
 0,0429828; 2,33855; -1,18632
 0,0431771; 2,27775; -2,12144
 0,0462249; 2,27886; -0,723345
 -0,0287146; 2,57319; -17,0403
 -0,446821; 2,27201; -31,6583
 -0,482467; 2,25982; -18,4789
 -0,487413; 2,14819; -16,772
 -0,518305; 2,16785; -16,0276
 -0,541532; 2,10901; -23,2397
 -0,611564; 2,0397; -40,2822
 -0,687037; 1,73128; -23,6582
 -0,687037; 1,73128; -23,6582
 -0,698239; 1,7571; -24,274
 -0,700117; 1,76042; -23,9704
 -0,700117; 1,76042; -23,9704
 -0,711255; 1,77983; -25,1183
 -0,711758; 1,78527; -24,4234
 -0,718392; 1,80881; -23,5296
 -0,722179; 1,83126; -22,212
 -0,726707; 1,87061; -20,621
 -0,720091; 1,87565; -19,5439
 -0,713054; 1,8767; -20,6698
 -0,677536; 1,79169; -24,3965
 -0,697115; 1,82388; -24,8609
 -0,742739; 1,8994; -24,9871
 -0,758396; 1,87749; -25,3204
 -0,792823; 1,87167; -28,1998
 -0,846448; 1,8013; -36,5717
 -0,852605; 1,78723; -13,1812
 -0,590147; 1,81327; -25,4025
 -0,618185; 1,86866; -27,5855
 -0,600208; 1,90451; -20,7127
 -0,562327; 2,04013; -10,6021
 -0,473155; 2,13527; -12,1055
 -0,352662; 1,84822; -17,5136
 -0,355012; 1,87051; -29,7047
 -0,366731; 1,90079; -27,4514
 -0,349181; 1,91863; -17,0762
 -0,296251; 1,84308; -13,7699
 -0,21565; 2,00204; -7,01279
 -0,12335; 2,0716; -4,14503
 -0,0763856; 2,09989; -6,39973
 -0,0717054; 2,02373; -7,3271
 -0,0892489; 2,05193; -12,7835
 -0,0789454; 2,02853; -9,91685
 -0,0169255; 2,05877; -4,22422
 0,0855731; 2,14534; 3,0969
 0,159283; 2,09352; 2,86385
 0,215409; 2,11621; 4,6201
 0,231574; 2,16377; 4,41239
 0,201889; 2,11985; -3,72035
 0,19725; 2,0944; -3,3176
 0,224931; 2,0918; 0,162399
 0,320252; 2,17454; 7,18513
 0,410589; 2,24142; 8,69527
 0,425866; 2,09506; 5,50071
 0,429685; 2,07149; 5,1257
 0,415032; 2,0723; 2,62309
 0,407355; 2,07045; 1,47346
 0,43247; 2,06315; 2,39951
 0,498138; 2,05567; 7,41676
 0,585562; 2,05134; 10,5033
 0,624876; 2,0468; 16,0673
 0,592671; 2,04636; 8,96491
 0,591626; 2,04711; 10,3896
 0,613195; 2,06375; 9,43565
 0,682972; 2,05021; 20,4091
 0,751101; 2,01015; 20,9109
 0,82212; 1,96991; 20,3299
 0,86382; 1,94824; 22,738
 0,890903; 1,93505; 19,8641
 0,889762; 1,93549; 18,9932
 0,893895; 1,93648; 22,8359
 0,910753; 1,93265; 20,0316
 0,931272; 1,91112; 7,75862
 0,610962; 1,94797; 17,1527
 0,582084; 1,97947; 17,7182
 0,595814; 1,99256; 21,7404
 0,607435; 1,99893; 24,9776
 0,602652; 2,00783; 23,1753
 0,555134; 2,02649; 17,3294
 0,425576; 2,081; 12,5805
 0,420654; 2,09062; 14,2705
 0,446846; 2,09105; 15,2914
 0,515211; 2,05406; 21,7653
 0,56762; 2,01239; 18,9313
 0,614002; 1,96719; 17,3688
 0,644281; 1,94402; 16,3358
 0,682505; 1,91974; 21,0585
 0,70419; 1,91456; 19,2542
 0,697067; 1,91229; 16,8722
 0,674948; 1,91328; 16,9625
 0,696018; 1,91054; 21,4902
 0,7556; 1,85277; 26,3407
 0,8656; 1,79112; 34,8674
 0,855363; 1,79943; 35,4074
 0,705318; 1,91802; 19,8289
 0,628005; 1,98078; 23,1973
 0,607781; 1,99404; 25,4261
 0,612518; 1,99557; 29,5739
 0,609986; 1,98632; 29,696
 0,609032; 1,97749; 26,8408
 0,609223; 1,976; 26,7551
 0,602558; 1,9486; 25,8397
 0,602558; 1,9486; 25,8397
 0,566857; 1,8914; 19,1469
 0,537663; 1,86878; 21,8526
 0,420758; 1,83459; 15,0677
 0,297616; 1,81571; 19,3869
 0,130403; 1,78734; 17,5956
 0,0223364; 1,72127; 19,975
 -0,106491; 1,62282; 12,2583
 -0,197849; 1,56376; 2,47215
 -0,332871; 1,53243; -14,9271
 -0,570259; 1,48988; -46,5492
 -0,162047; 1,74705; -11,3347
 -0,0104315; 1,71704; -6,05647
 0,14026; 1,74345; 0,967559
 0,269753; 1,76452; 10,6493
 0,336184; 1,79244; 10,8811
 0,368141; 1,82202; 10,2589
 0,432228; 1,864; 11,283
 0,531699; 1,85887; 16,1145
 0,665393; 1,80746; 21,1822
 0,733642; 1,78027; 24,3676
 0,749047; 1,77359; 23,1982
 0,776142; 1,7805; 29,6388
 0,839208; 1,77027; 31,5228
 0,825371; 1,77056; 32,7564
 0,760552; 1,80551; 28,5068
 0,740251; 1,82251; 28,7892
 0,742785; 1,82476; 25,7122
 0,753547; 1,82136; 23,5576
 0,764173; 1,815; 27,074
 0,764173; 1,815; 27,074
 0,764305; 1,80739; 27,9374
 0,766646; 1,79872; 28,8012
 0,769903; 1,78696; 29,7804
 0,766993; 1,75654; 30,9758
 0,717194; 1,67441; 25,2821
 0,634388; 1,55377; 23,4199
 0,558195; 1,45919; 20,5057
 0,522615; 1,41294; 21,0292
 0,515865; 1,3823; 23,2193
 0,514359; 1,37114; 23,5448
 0,513779; 1,36898; 23,9365
 0,512827; 1,36928; 24,0334
 0,510062; 1,36826; 24,3108
 0,5111; 1,367; 24,8452
 0,513282; 1,36634; 25,9597
 0,51006; 1,36361; 26,0863
 0,478879; 1,36474; 21,6368
 0,380808; 1,38132; 13,1679
 0,257565; 1,3829; 6,94837
 0,194067; 1,37771; 7,9561
 0,191049; 1,37791; 9,14517
 0,192074; 1,37838; 9,51648
 0,191602; 1,3783; 9,36253
 0,18437; 1,37843; 7,16511
 0,163791; 1,37857; 7,07647
 0,0977521; 1,37288; 5,1403
 -0,00827984; 1,3601; -4,00537
 -0,0832396; 1,35181; -6,87082
 -0,101977; 1,34827; -7,84002
 -0,0980631; 1,34484; -7,2422
 -0,0983027; 1,34455; -7,10247
 -0,10143; 1,34297; -7,60071
 -0,124258; 1,34259; -9,63261
 -0,182441; 1,33286; -11,9998
 -0,287396; 1,31323; -14,7318
 -0,457297; 1,30148; -16,4373
 -0,460867; 1,30381; -15,8668
 -0,461875; 1,30462; -16,7283
 -0,462444; 1,30822; -17,2342
 -0,461699; 1,30791; -18,2802
 -0,458559; 1,30501; -17,4777
 -0,458474; 1,29975; -18,761
 -0,461019; 1,29459; -20,904
 -0,455869; 1,29449; -21,121
 -0,46284; 1,29666; -22,6811
 -0,509073; 1,29941; -22,9147
 -0,556562; 1,28995; -18,4115
 -0,581784; 1,28657; -18,0912
 -0,588815; 1,28494; -17,0844
 -0,595279; 1,27908; -24,1846
 -0,589775; 1,27981; -28,2414
 -0,563489; 1,288; -26,5833
 -0,479895; 1,31419; -19,4333
 -0,360779; 1,34364; -15,4031
 -0,246099; 1,37219; -15,0841
 -0,150777; 1,38103; -13,2848
 -0,0819343; 1,33787; -10,9241
 -0,0168679; 1,30225; -8,20479
 0,0535158; 1,29363; 0,203641
 0,170354; 1,29768; 7,5146
 0,383907; 1,35577; 21,6193
 0,482776; 1,34539; 24,8741
 0,540768; 1,34615; 26,2059
 0,550425; 1,40593; 24,1692
 0,538172; 1,48043; 21,968
 0,536141; 1,56073; 20,86
 0,556995; 1,61294; 22,4381
 0,596817; 1,67049; 23,0948
 0,639063; 1,72051; 22,7069
 0,664594; 1,77729; 22,3456
 0,655284; 1,82467; 20,0904
 0,63187; 1,89109; 17,5534
 0,622453; 1,93297; 15,9533
 0,622404; 1,95571; 13,5731
 0,635424; 1,99157; 14,4753
 0,658934; 1,99885; 20,3631
 0,659182; 1,99678; 19,6588
 0,632033; 2,01292; 15,4836
 0,612512; 2,09017; 13,0557
 0,607507; 2,14039; 13,2737
 0,607081; 2,1475; 12,7526
 0,627447; 2,18943; 14,5952
 0,634784; 2,19541; 15,3296
 0,623726; 2,25378; 13,4941
 0,572025; 2,30869; 12,5638
 0,515293; 2,34382; 13,779
 0,483094; 2,35851; 10,9402
 0,483219; 2,36125; 10,441
 0,465193; 2,35086; 11,3686
 0,39949; 2,33439; 8,83685
 0,271909; 2,32698; 6,41765
 0,202528; 2,33336; 5,17157
 0,194279; 2,33021; 8,4613
 0,205737; 2,32758; 11,9716
 0,199886; 2,32474; 5,09037
 0,200967; 2,32129; 6,73728
 0,171075; 2,3147; 6,23165
 0,0942141; 2,30737; 1,45288
 0,0149745; 2,29196; -0,860255
 0,0149745; 2,29196; -0,860255
 -0,0934452; 2,2783; -1,45577
 -0,12355; 2,27165; -0,958598
 -0,165812; 2,26821; -5,79144
 -0,169522; 2,2673; -6,55566
 -0,158063; 2,25822; -4,28926
 -0,124005; 2,23913; -0,18247
 -0,129266; 2,23629; -1,95849
 -0,174718; 2,22683; -4,25086
 -0,274368; 2,20366; -10,9291
 -0,308039; 2,1855; -11,8015
 -0,343295; 2,17409; -14,5772
 -0,363108; 2,1651; -14,4159
 -0,374204; 2,15533; -15,1042
 -0,38342; 2,15191; -17,9857
 -0,38485; 2,1488; -17,3539
 -0,393179; 2,14823; -20,2202
 -0,371041; 2,14697; -10,6546
 -0,34269; 2,14783; -10,6114
 -0,275265; 2,15125; -7,69034
 -0,190467; 2,158; -5,4437
 -0,0921229; 2,16347; -1,19582
 -0,0458753; 2,17218; -0,85528
 0,000448147; 2,17897; -0,524401
 -7,09146e-005; 2,17988; -1,18651
 0,0124887; 2,18506; 0,509811
 0,0646566; 2,19776; 1,98735
 0,130961; 2,19814; 7,93245
 0,189927; 2,19803; 7,17012
 0,195062; 2,19893; 7,95451
 0,175919; 2,20316; 1,37442
 0,183538; 2,21282; 3,75108
 0,215234; 2,21919; 3,28248
 0,324008; 2,21003; 10,1205
 0,399768; 2,20151; 11,1416
 0,455429; 2,2017; 15,0295
 0,462492; 2,20188; 16,2083
 0,448652; 2,2064; 10,7927
 0,44711; 2,2076; 10,5523
 0,49615; 2,21706; 15,5385
 0,56063; 2,19371; 19,895
 0,633477; 2,1649; 19,4827
 0,641038; 2,16198; 19,1898
 0,737839; 2,11722; 19,0813
 0,772335; 2,09388; 21,3014
 0,799665; 2,07663; 25,2931
 0,79772; 2,07004; 22,7546
 0,781331; 2,05416; 21,2901
 0,750662; 2,05604; 19,1638
 0,702611; 2,07526; 19,146
 0,644501; 2,10645; 18,2818
 0,563553; 2,12599; 15,4947
 0,465437; 2,15247; 10,3912
 0,385393; 2,16562; 8,77364
 0,349092; 2,16735; 15,3498
 0,323092; 2,15059; 10,7928
 0,336153; 2,08354; 19,6781
 0,340291; 1,9696; 17,645
 0,349392; 1,8532; 17,8007
 0,351382; 1,73608; 22,6031
 0,271313; 1,5211; 17,9532
 0,230627; 1,42435; 15,292
 0,21926; 1,36666; 15,9298
 0,216081; 1,31931; 14,0111
 0,215493; 1,27863; 13,0164
 0,212727; 1,26072; 12,9053
 0,208164; 1,25443; 11,9062
 0,206642; 1,25344; 12,1196
 0,205491; 1,25376; 12,0784
 0,210007; 1,26158; 13,356
 0,210936; 1,27945; 12,6291
 0,212891; 1,32289; 12,0387
 0,222428; 1,39215; 12,0724
 0,251948; 1,46448; 13,908
 0,315767; 1,56486; 16,4608
 0,369028; 1,6694; 18,36
 0,366153; 1,77193; 16,9255
 0,319932; 1,87159; 12,2646
 0,245038; 1,9987; 9,15053
 0,218476; 2,08569; 9,19175
 0,236121; 2,16419; 11,0204
 0,257057; 2,20271; 10,8405
 0,26077; 2,21379; 9,89778
 0,26077; 2,21379; 9,89778
 0,287017; 2,25939; 19,1236
 0,279065; 2,27567; 17,1665
 0,22991; 2,28912; 10,443
 0,166105; 2,29418; 6,05598
 0,060312; 2,29454; 2,92356
 0,0224174; 2,29248; -1,00674
 -0,0526209; 2,2922; -5,68716
 -0,0536296; 2,29224; -5,5255
 -0,0536296; 2,29224; -5,5255
 -0,0532349; 2,29558; -6,17017
 -0,0458821; 2,29959; -4,33702
 -0,0162424; 2,29394; 0,0862014
 0,0016277; 2,28709; 4,5395
 0,0123836; 2,27803; 3,65005
 -0,0149785; 2,27405; 1,23731
 -0,0791506; 2,26601; -2,06502
 -0,194204; 2,24595; -5,85773
 -0,257292; 2,24081; -13,8146
 -0,288629; 2,23008; -14,7996
 -0,277971; 2,22724; -10,6485
 -0,275991; 2,22635; -10,9256
 -0,255642; 2,22711; -8,88805